Importance of components:
                          PC1    PC2    PC3     PC4     PC5     PC6
Standard deviation     1.7116 1.1745 0.9916 0.55151 0.49673 0.39602
Proportion of Variance 0.4882 0.2299 0.1639 0.05069 0.04112 0.02614
Cumulative Proportion  0.4882 0.7182 0.8820 0.93274 0.97386 1.00000
Standard deviations:
[1] 1.7115665 1.1745113 0.9916259 0.5515085 0.4967343 0.3960237

Rotation:
                           PC1          PC2        PC3        PC4        PC5          PC6
price_to_rent       -0.4238720  0.005967271 -0.6044174  0.1927330  0.6463869 -0.003816294
turnover             0.3072387  0.589503000 -0.3506577  0.5641446 -0.2990916  0.165574268
sold_for_gain        0.3528706 -0.406103644 -0.5890197 -0.1302690 -0.2798451 -0.518010361
increasing_in_value  0.4365788  0.456402892  0.1973983 -0.1671130  0.5134139 -0.520200524
pct_price_reduced    0.3705211 -0.522597881  0.2632429  0.6555563  0.2986954  0.036548527
median_sold_price    0.5230032 -0.078219500 -0.2377219 -0.4122427  0.2481979  0.657488771
Importance of components:
                          PC1    PC2    PC3     PC4     PC5     PC6
Standard deviation     1.7116 1.1745 0.9916 0.55151 0.49673 0.39602
Proportion of Variance 0.4882 0.2299 0.1639 0.05069 0.04112 0.02614
Cumulative Proportion  0.4882 0.7182 0.8820 0.93274 0.97386 1.00000
Standard deviations:
[1] 1.7115665 1.1745113 0.9916259 0.5515085 0.4967343 0.3960237

Rotation:
                           PC1          PC2        PC3        PC4        PC5          PC6
price_to_rent       -0.4238720  0.005967271 -0.6044174  0.1927330  0.6463869 -0.003816294
turnover             0.3072387  0.589503000 -0.3506577  0.5641446 -0.2990916  0.165574268
sold_for_gain        0.3528706 -0.406103644 -0.5890197 -0.1302690 -0.2798451 -0.518010361
increasing_in_value  0.4365788  0.456402892  0.1973983 -0.1671130  0.5134139 -0.520200524
pct_price_reduced    0.3705211 -0.522597881  0.2632429  0.6555563  0.2986954  0.036548527
median_sold_price    0.5230032 -0.078219500 -0.2377219 -0.4122427  0.2481979  0.657488771
Importance of components:
                          PC1    PC2    PC3     PC4     PC5     PC6     PC7     PC8
Standard deviation     1.9622 1.4609 1.0025 0.61673 0.52085 0.41865 0.34901 0.24843
Proportion of Variance 0.4813 0.2668 0.1256 0.04754 0.03391 0.02191 0.01523 0.00771
Cumulative Proportion  0.4813 0.7481 0.8737 0.92124 0.95515 0.97706 0.99229 1.00000
Standard deviations:
[1] 1.9622357 1.4609153 1.0024594 0.6167290 0.5208507 0.4186525 0.3490056 0.2484305

Rotation:
                           PC1         PC2         PC3         PC4         PC5        PC6         PC7
price_to_rent       -0.3038317  0.27047150 -0.60387269 -0.02062207 -0.66499013  0.0354769 -0.01660236
turnover             0.4150304  0.31309498 -0.19998599 -0.19050967 -0.04582701 -0.4970917  0.28057820
inventory_measure   -0.3507923 -0.46645224  0.04884171  0.09340050 -0.24256515  0.1065967 -0.20301171
ratio_foreclosure    0.4579689  0.13808288 -0.06999463 -0.41183604 -0.06379343  0.4259273 -0.63242870
sold_for_gain        0.2113980 -0.39789178 -0.64610784  0.03077209  0.33011582  0.3830408  0.34858367
increasing_in_value  0.4306477  0.05810212  0.32621591  0.40378741 -0.48090635  0.4184614  0.36433894
pct_price_reduced    0.1612787 -0.57146288  0.14718947 -0.57449836 -0.37556634 -0.2183407  0.19689072
median_sold_price    0.3827374 -0.32234855 -0.20620793  0.53935949 -0.10715926 -0.4351567 -0.43220484
                            PC8
price_to_rent       -0.16030543
turnover             0.57053357
inventory_measure    0.73269599
ratio_foreclosure    0.10601729
sold_for_gain        0.03719474
increasing_in_value  0.05081262
pct_price_reduced   -0.26118490
median_sold_price   -0.16890117
Importance of components:
                          PC1    PC2    PC3     PC4     PC5     PC6     PC7     PC8
Standard deviation     1.9622 1.4609 1.0025 0.61673 0.52085 0.41865 0.34901 0.24843
Proportion of Variance 0.4813 0.2668 0.1256 0.04754 0.03391 0.02191 0.01523 0.00771
Cumulative Proportion  0.4813 0.7481 0.8737 0.92124 0.95515 0.97706 0.99229 1.00000
Standard deviations:
[1] 1.9622357 1.4609153 1.0024594 0.6167290 0.5208507 0.4186525 0.3490056 0.2484305

Rotation:
                           PC1         PC2         PC3         PC4         PC5        PC6         PC7         PC8
price_to_rent       -0.3038317  0.27047150 -0.60387269 -0.02062207  0.66499013 -0.0354769  0.01660236 -0.16030543
inventory_measure   -0.3507923 -0.46645224  0.04884171  0.09340050  0.24256515 -0.1065967  0.20301171  0.73269599
ratio_foreclosure    0.4579689  0.13808288 -0.06999463 -0.41183604  0.06379343 -0.4259273  0.63242870  0.10601729
sold_for_gain        0.2113980 -0.39789178 -0.64610784  0.03077209 -0.33011582 -0.3830408 -0.34858367  0.03719474
increasing_in_value  0.4306477  0.05810212  0.32621591  0.40378741  0.48090635 -0.4184614 -0.36433894  0.05081262
pct_price_reduced    0.1612787 -0.57146288  0.14718947 -0.57449836  0.37556634  0.2183407 -0.19689072 -0.26118490
median_sold_price    0.3827374 -0.32234855 -0.20620793  0.53935949  0.10715926  0.4351567  0.43220484 -0.16890117
turnover             0.4150304  0.31309498 -0.19998599 -0.19050967  0.04582701  0.4970917 -0.28057820  0.57053357
