                   PC1    PC2    PC3     PC4    PC5     PC6     PC7Standard deviation     1.8115 1.3741 0.9734 0.58220 0.5460 0.39666 0.29724
Proportion of Variance 0.4688 0.2697 0.1353 0.04842 0.0426 0.02248 0.01262
Cumulative Proportion  0.4688 0.7385 0.8739 0.92231 0.9649 0.98738 1.00000
Standard deviations:
[1] 1.8115072 1.3741018 0.9733818 0.5822027 0.5460490 0.3966550 0.2972358

Rotation:
                           PC1        PC2        PC3         PC4        PC5         PC6         PC7
ratio_foreclose     -0.4581692  0.3024961 -0.1922084  0.40405023 -0.1321638  0.06894134  0.69004078
inventory_measure    0.2693593 -0.5824322  0.1226025 -0.26450618 -0.4029990  0.26656431  0.51938296
price_to_rent        0.3931370  0.1321940 -0.5843651  0.23644274 -0.6098481 -0.13437306 -0.20151785
sold_for_gain       -0.2664775 -0.4114166 -0.6331888  0.02079778  0.3049519  0.48445967 -0.17512467
increasing_in_value -0.4614901  0.2343689  0.2109996 -0.27337997 -0.5422212  0.45137679 -0.33925767
pct_price_reduced   -0.2612674 -0.5247323  0.3084617  0.64927414 -0.2008661 -0.18090259 -0.25810245
median_sold_price   -0.4590488 -0.2285983 -0.2567964 -0.46276198 -0.1444407 -0.65951991  0.03308072
debug at #12: print(summary(dat.pca))
Importance of components:
                          PC1    PC2    PC3     PC4    PC5     PC6     PC7
Standard deviation     1.8115 1.3741 0.9734 0.58220 0.5460 0.39666 0.29724
Proportion of Variance 0.4688 0.2697 0.1353 0.04842 0.0426 0.02248 0.01262
Cumulative Proportion  0.4688 0.7385 0.8739 0.92231 0.9649 0.98738 1.00000
debug at #13: print(dat.pca)
Standard deviations:
[1] 1.8115072 1.3741018 0.9733818 0.5822027 0.5460490 0.3966550 0.2972358

Rotation:
                           PC1        PC2        PC3         PC4        PC5         PC6         PC7
ratio_foreclose     -0.4581692  0.3024961 -0.1922084  0.40405023 -0.1321638  0.06894134  0.69004078
inventory_measure    0.2693593 -0.5824322  0.1226025 -0.26450618 -0.4029990  0.26656431  0.51938296
price_to_rent        0.3931370  0.1321940 -0.5843651  0.23644274 -0.6098481 -0.13437306 -0.20151785
sold_for_gain       -0.2664775 -0.4114166 -0.6331888  0.02079778  0.3049519  0.48445967 -0.17512467
increasing_in_value -0.4614901  0.2343689  0.2109996 -0.27337997 -0.5422212  0.45137679 -0.33925767
pct_price_reduced   -0.2612674 -0.5247323  0.3084617  0.64927414 -0.2008661 -0.18090259 -0.25810245
median_sold_price   -0.4590488 -0.2285983 -0.2567964 -0.46276198 -0.1444407 -0.65951991  0.03308072
debug at #15: sink()
