Importance of components:
                          PC1    PC2    PC3    PC4     PC5     PC6     PC7
Standard deviation     1.8189 1.3642 0.9738 0.6050 0.52037 0.37744 0.32093
Proportion of Variance 0.4726 0.2659 0.1355 0.0523 0.03868 0.02035 0.01471
Cumulative Proportion  0.4726 0.7385 0.8740 0.9263 0.96493 0.98529 1.00000
Standard deviations:
[1] 1.8188810 1.3641859 0.9738349 0.6050407 0.5203688 0.3774406 0.3209279

Rotation:
                           PC1        PC2        PC3         PC4        PC5         PC6         PC7
ratio_foreclose     -0.4491966  0.2939048 -0.1697989  0.52249792 -0.1065535 -0.08485703  0.62566150
inventory_measure    0.2703772 -0.5926230  0.1800349 -0.17162842 -0.2271474  0.19235305  0.65209640
price_to_rent        0.3892610  0.1151808 -0.6070051  0.04109054 -0.6727885 -0.05669258 -0.09595401
sold_for_gain       -0.2830934 -0.3935966 -0.6350380  0.03147811  0.3149356  0.50242046 -0.09521010
increasing_in_value -0.4519226  0.2491366  0.2329905 -0.36881466 -0.4865130  0.54816871 -0.07876744
pct_price_reduced   -0.2797461 -0.5344500  0.2450890  0.51143933 -0.3755931 -0.13761650 -0.39301156
median_sold_price   -0.4593046 -0.2157019 -0.2295085 -0.54522092 -0.0863515 -0.61703483  0.06620755
