Importance of components:
                          PC1    PC2    PC3    PC4    PC5    PC6
Standard deviation     1.1858 1.0403 1.0055 0.9571 0.9214 0.8577
Proportion of Variance 0.2344 0.1804 0.1685 0.1527 0.1415 0.1226
Cumulative Proportion  0.2344 0.4147 0.5832 0.7359 0.8774 1.0000
Standard deviations:
[1] 1.1858232 1.0402551 1.0054989 0.9571288 0.9213737 0.8576944

Rotation:
                            PC1         PC2         PC3          PC4         PC5         PC6
ratio_foreclose     -0.59347528  0.03024210  0.04150068 -0.001758468  0.49176136  0.63507312
inventory_measure    0.02517285 -0.35222824  0.82677503  0.419192612  0.09368786 -0.08511631
price_to_rent        0.01001372 -0.57857310 -0.55021664  0.599113258  0.03798862  0.04510774
increasing_in_value  0.61220095  0.10206490  0.07011008  0.111494892 -0.22711022  0.73882824
pct_price_reduced    0.02284004 -0.72746787  0.05118342 -0.659136895 -0.11589375  0.14055704
median_sold_price   -0.52128828  0.02543821  0.06668753  0.135813140 -0.82640172  0.14757776
Importance of components:
                          PC1    PC2    PC3    PC4    PC5    PC6     PC7
Standard deviation     1.3726 1.0405 1.0061 0.9635 0.9233 0.8902 0.66912
Proportion of Variance 0.2691 0.1547 0.1446 0.1326 0.1218 0.1132 0.06396
Cumulative Proportion  0.2691 0.4238 0.5684 0.7011 0.8228 0.9360 1.00000
Standard deviations:
[1] 1.3725899 1.0405464 1.0061204 0.9635241 0.9233060 0.8901640 0.6691169

Rotation:
                            PC1         PC2          PC3        PC4          PC5         PC6         PC7
ratio_foreclose     -0.41482099  0.08640216  0.054914177 -0.1680357  0.471805589  0.75218964  0.02858109
inventory_measure    0.03547203 -0.30896566  0.849570798 -0.3752580  0.116672084 -0.16317335 -0.02132955
price_to_rent        0.01499402 -0.58040226 -0.506510488 -0.6318139  0.035152849 -0.04902029 -0.05939662
sold_for_gain        0.60064987  0.03393509  0.009420907 -0.1161595 -0.009863854  0.27880720  0.73936162
increasing_in_value  0.56120460  0.08559993  0.062600656 -0.1017038 -0.228903734  0.44048873 -0.64578038
pct_price_reduced   -0.02897140 -0.73748639  0.068795169  0.5875408 -0.147909496  0.28626475  0.03889440
median_sold_price   -0.38713079  0.08856066  0.099602446 -0.2504310 -0.829566124  0.22687208  0.17320371
Importance of components:
                          PC1    PC2    PC3    PC4    PC5    PC6     PC7
Standard deviation     1.3726 1.0405 1.0061 0.9635 0.9233 0.8902 0.66912
Proportion of Variance 0.2691 0.1547 0.1446 0.1326 0.1218 0.1132 0.06396
Cumulative Proportion  0.2691 0.4238 0.5684 0.7011 0.8228 0.9360 1.00000
Standard deviations:
[1] 1.3725899 1.0405464 1.0061204 0.9635241 0.9233060 0.8901640 0.6691169

Rotation:
                            PC1         PC2          PC3        PC4          PC5         PC6         PC7
ratio_foreclose     -0.41482099  0.08640216  0.054914177 -0.1680357  0.471805589  0.75218964  0.02858109
inventory_measure    0.03547203 -0.30896566  0.849570798 -0.3752580  0.116672084 -0.16317335 -0.02132955
price_to_rent        0.01499402 -0.58040226 -0.506510488 -0.6318139  0.035152849 -0.04902029 -0.05939662
sold_for_gain        0.60064987  0.03393509  0.009420907 -0.1161595 -0.009863854  0.27880720  0.73936162
increasing_in_value  0.56120460  0.08559993  0.062600656 -0.1017038 -0.228903734  0.44048873 -0.64578038
pct_price_reduced   -0.02897140 -0.73748639  0.068795169  0.5875408 -0.147909496  0.28626475  0.03889440
median_sold_price   -0.38713079  0.08856066  0.099602446 -0.2504310 -0.829566124  0.22687208  0.17320371
Importance of components:
                          PC1    PC2    PC3    PC4    PC5    PC6     PC7
Standard deviation     1.3726 1.0405 1.0061 0.9635 0.9233 0.8902 0.66912
Proportion of Variance 0.2691 0.1547 0.1446 0.1326 0.1218 0.1132 0.06396
Cumulative Proportion  0.2691 0.4238 0.5684 0.7011 0.8228 0.9360 1.00000
Standard deviations:
[1] 1.3725899 1.0405464 1.0061204 0.9635241 0.9233060 0.8901640 0.6691169

Rotation:
                            PC1         PC2          PC3        PC4          PC5         PC6         PC7
ratio_foreclose     -0.41482099  0.08640216  0.054914177 -0.1680357  0.471805589  0.75218964  0.02858109
inventory_measure    0.03547203 -0.30896566  0.849570798 -0.3752580  0.116672084 -0.16317335 -0.02132955
price_to_rent        0.01499402 -0.58040226 -0.506510488 -0.6318139  0.035152849 -0.04902029 -0.05939662
sold_for_gain        0.60064987  0.03393509  0.009420907 -0.1161595 -0.009863854  0.27880720  0.73936162
increasing_in_value  0.56120460  0.08559993  0.062600656 -0.1017038 -0.228903734  0.44048873 -0.64578038
pct_price_reduced   -0.02897140 -0.73748639  0.068795169  0.5875408 -0.147909496  0.28626475  0.03889440
median_sold_price   -0.38713079  0.08856066  0.099602446 -0.2504310 -0.829566124  0.22687208  0.17320371
Importance of components:
                          PC1    PC2    PC3    PC4    PC5     PC6     PC7     PC8
Standard deviation     1.4031 1.2201 1.1615 0.9535 0.9451 0.73717 0.70800 0.58875
Proportion of Variance 0.2461 0.1861 0.1686 0.1136 0.1116 0.06793 0.06266 0.04333
Cumulative Proportion  0.2461 0.4322 0.6008 0.7144 0.8261 0.89401 0.95667 1.00000
Standard deviations:
[1] 1.4030635 1.2201443 1.1614990 0.9534751 0.9450724 0.7371678 0.7080008 0.5887466

Rotation:
                            PC1        PC2        PC3         PC4        PC5         PC6         PC7         PC8
price_to_rent       -0.52179564  0.2532222 -0.3075094  0.19712481 -0.1107724  0.25268972  0.12979243 -0.66122531
inventory_measure    0.35579741 -0.5031073  0.1598124  0.28109167  0.2531726  0.16664770  0.55952996 -0.33286199
ratio_foreclosure   -0.26250258 -0.5477219  0.2878636  0.04643943 -0.2193370  0.52128579 -0.47520700  0.02004272
sold_for_gain        0.33679303  0.1054266  0.1722699 -0.25338886 -0.8371210  0.05857745  0.21524423 -0.17618158
increasing_in_value  0.35579658  0.2558579 -0.3282605  0.62222022 -0.1408981  0.42492099 -0.08463037  0.32474626
pct_price_reduced    0.06472971 -0.1887513 -0.5991742 -0.59671989  0.1027144  0.42085408  0.18138418  0.15662072
median_sold_price   -0.48097745 -0.3151066 -0.1666551  0.23574092 -0.3366197 -0.25144588  0.44970850  0.45524197
turnover            -0.23807543  0.4138418  0.5223189 -0.13023183  0.1761746  0.46076590  0.39449730  0.28862934
