Importance of components:
                          PC1    PC2    PC3    PC4    PC5    PC6     PC7
Standard deviation     1.3726 1.0405 1.0061 0.9635 0.9233 0.8902 0.66912
Proportion of Variance 0.2691 0.1547 0.1446 0.1326 0.1218 0.1132 0.06396
Cumulative Proportion  0.2691 0.4238 0.5684 0.7011 0.8228 0.9360 1.00000
Standard deviations:
[1] 1.3725899 1.0405464 1.0061204 0.9635241 0.9233060 0.8901640 0.6691169

Rotation:
                            PC1         PC2          PC3        PC4          PC5         PC6         PC7
ratio_foreclose     -0.41482099  0.08640216  0.054914177 -0.1680357  0.471805589  0.75218964  0.02858109
inventory_measure    0.03547203 -0.30896566  0.849570798 -0.3752580  0.116672084 -0.16317335 -0.02132955
price_to_rent        0.01499402 -0.58040226 -0.506510488 -0.6318139  0.035152849 -0.04902029 -0.05939662
sold_for_gain        0.60064987  0.03393509  0.009420907 -0.1161595 -0.009863854  0.27880720  0.73936162
increasing_in_value  0.56120460  0.08559993  0.062600656 -0.1017038 -0.228903734  0.44048873 -0.64578038
pct_price_reduced   -0.02897140 -0.73748639  0.068795169  0.5875408 -0.147909496  0.28626475  0.03889440
median_sold_price   -0.38713079  0.08856066  0.099602446 -0.2504310 -0.829566124  0.22687208  0.17320371
